1 1 2 1.6
2 2 3 0.9 1 1.6
3 3 4 1 2 0.9 190 2.1
3 4 3 1 5 1.3 191 1.3
2 5 4 1.3 6 1
2 6 5 1 7 1.1
2 7 6 1.1 8 1.3
3 8 7 1.3 57 1.5 9 1.8
2 9 8 1.8 10 0.8
2 10 9 0.8 11 0.9
4 11 10 0.9 12 1.1 202 1 203 1.9
2 12 11 1.1 13 0.6
4 13 12 0.6 14 1.2 95 1.2 96 1
2 14 13 1.2 15 1.1
2 15 14 1.1 16 1.2
2 16 15 1.2 17 1.1
2 17 16 1.1 18 0.9
2 18 17 0.9 19 1.3
2 19 18 1.3 20 0.9
3 20 19 0.9 21 0.9 137 1.1
2 21 20 0.9 22 1.2
2 22 21 1.2 23 1
4 23 22 1 24 1.2 173 0.9 174 1.6
2 24 23 1.2 25 0.9
2 25 24 0.9 26 0.9
2 26 25 0.9 27 1
2 27 26 1 28 0.9
3 28 27 0.9 29 1.4 80 1.6
2 29 28 1.4 30 1
2 30 29 1 31 1.1
2 31 30 1.1 32 1.2
2 32 31 1.2 33 1.3
2 33 32 1.3 34 0.9
2 34 33 0.9 35 0.9
2 35 34 0.9 36 0.9
2 36 35 0.9 37 1.1
2 37 36 1.1 38 1
2 38 37 1 39 1.1
2 39 38 1.1 40 1
2 40 39 1 41 1.8
2 41 40 1.8 138 3.1
1 42 43 1
2 43 42 1 44 1
2 44 43 1 45 1
2 45 44 1 46 1
3 46 45 1 47 1 228 1
2 47 46 1 48 1
2 48 47 1 49 1.3
2 49 48 1.3 50 1.4
3 50 49 1.4 51 1.1 58 2
2 51 50 1.1 52 1.2
2 52 51 1.2 53 1
2 53 52 1 54 1.2
2 54 53 1.2 55 1
2 55 54 1 56 1.2
4 56 55 1.2 57 1.8 185 1 186 1
2 57 56 1.8 8 1.5
2 58 50 2 59 1.6
2 59 58 1.6 60 2
2 60 59 2 61 1.8
2 61 60 1.8 62 1
2 62 61 1 63 1.2
2 63 62 1.2 64 1.2
2 64 63 1.2 65 1
4 65 64 1 66 0.7 209 0.8 210 0.8
2 66 65 0.7 67 1.3
2 67 66 1.3 68 0.8
2 68 67 0.8 69 0.9
2 69 68 0.9 70 1.7
4 70 69 1.7 71 1 103 1.7 104 1.8
2 71 70 1 72 2
2 72 71 2 73 1.3
2 73 72 1.3 74 2.8
2 74 73 2.8 75 2.1
2 75 74 2.1 76 2.3
2 76 75 2.3 77 2
2 77 76 2 78 3.1
2 78 77 3.1 79 1.5
2 79 78 1.5 80 1.6
2 80 79 1.6 28 1.6
1 81 82 0.9
2 82 81 0.9 83 1.8
2 83 82 1.8 84 1.2
2 84 83 1.2 85 1.3
2 85 84 1.3 86 1.5
4 86 85 1.5 87 1.4 169 2.2 170 1.7
2 87 86 1.4 88 1.3
2 88 87 1.3 89 0.9
2 89 88 0.9 90 1.2
2 90 89 1.2 91 1.1
2 91 90 1.1 92 1.1
5 92 91 1.1 93 1.2 199 1.6 153 1.2 154 2.3
2 93 92 1.2 94 1.2
2 94 93 1.2 95 0.6
3 95 94 0.6 141 1.9 13 1.2
2 96 13 1 97 0.8
4 97 96 0.8 98 0.6 203 1.3 204 2.4
2 98 97 0.6 99 1.4
2 99 98 1.4 100 1.3
2 100 99 1.3 101 1.3
4 101 100 1.3 102 0.8 180 1.1 181 1.3
2 102 101 0.8 103 1
2 103 102 1 70 1.7
2 104 70 1.8 105 1
2 105 104 1 106 1.9
2 106 105 1.9 107 1.3
2 107 106 1.3 108 1.6
2 108 107 1.6 109 1.3
2 109 108 1.3 110 2.7
2 110 109 2.7 111 2.5
2 111 110 2.5 112 0.9
2 112 111 0.9 113 1.3
2 113 112 1.3 114 1.4
2 114 113 1.4 115 1.5
1 115 114 1.5
1 116 117 1
2 117 116 1 118 1
2 118 117 1 119 1
2 119 118 1 120 1.3
2 120 119 1.3 121 1.8
2 121 120 1.8 122 2.1
2 122 121 2.1 123 1.3
2 123 122 1.3 124 1.3
2 124 123 1.3 125 1.2
2 125 124 1.2 126 0.8
2 126 125 0.8 127 0.8
2 127 126 0.8 128 0.8
2 128 127 0.8 129 1.2
2 129 128 1.2 130 0.9
2 130 129 0.9 131 1
2 131 130 1 132 0.7
2 132 131 0.7 133 1.1
2 133 132 1.1 134 1.5
2 134 133 1.5 135 0.9
3 135 134 0.9 136 1.5 137 2
3 136 135 1.5 149 1.1 150 1.2
2 137 135 2 20 1.1
2 138 139 3.4 41 3.1
2 139 138 3.4 140 7
2 140 139 7 141 6.8
2 141 95 1.9 140 6.8
1 142 143 1
2 143 142 1 144 1.3
2 144 143 1.3 145 0.8
2 145 144 0.8 146 1
2 146 145 1 147 1.3
4 147 146 1.3 148 1.5 170 1.6 171 1.1
2 148 147 1.5 149 0.8
2 149 148 0.8 136 1.1
2 150 136 1.2 151 1.7
2 151 150 1.7 152 0.8 
2 152 151 0.8 153 1
2 153 152 1 92 1.2
2 154 92 2.3 155 1.7
2 155 154 1.7 156 1.1
4 156 155 1.1 157 1.2 193 1.3 194 1.8
2 157 156 1.2 158 1.1
2 158 157 1.1 159 1.1
2 159 158 1.1 160 0.9
2 160 159 0.9 161 1
2 161 160 1 162 1
2 162 161 1 163 1
2 163 162 1 164 1
2 164 163 1 165 1
2 165 164 1 166 1
2 166 165 1 167 1
2 167 166 1 168 1
1 168 167 1
1 169 86 2.2
2 170 86 1.7 147 1.6
2 171 147 1.1 172 1.8
2 172 171 1.8 173 2
2 173 172 2 23 0.9
2 174 23 1.6 175 1.6
2 175 174 1.6 176 1.8
2 176 175 1.8 177 5.6
2 177 176 5.6 178 1.3
2 178 177 1.3 179 1.7
2 179 178 1.7 180 1.4
2 180 179 1.4 101 1.1
2 181 101 1.3 182 1.8
4 182 181 1.8 183 1 206 1.5 207 2.3
2 183 182 1 184 1
2 184 183 1 185 1
2 185 184 1 56 1
2 186 56 1 187 1
2 187 186 1 188 1
2 188 187 1 189 0.9
2 189 188 0 190 1.4
2 190 189 1.4 3 2.1
2 191 4 1.3 192 0.8
2 192 191 0.8 193 0.9
2 193 192 0.9 156 1.3
2 194 156 1.8 195 1.1
2 195 194 1.1 196 1.3
2 196 195 1.3 197 1.1
2 197 196 1.1 198 0.9
1 198 197 0.9
2 199 92 1.6 200 0.9
2 200 199 0.9 201 1.3
2 201 200 1.3 202 1.1
2 202 201 1.1 11 1
2 203 11 1.9 97 1.3
2 204 97 2.4 205 1.7
2 205 204 1.7 206 0.9
2 206 205 0.9 182 1.5
2 207 182 2.3 208 1.3
2 208 207 1.3 209 1.1
2 209 208 1.1 65 0.8
2 210 65 0.8 211 1.5
2 211 210 1.5 212 1.1
2 212 211 1.1 213 1.2
2 213 212 1.2 214 1.2
2 214 213 1.2 215 2
2 215 214 2 216 1.2
2 216 215 1.2 217 1.2
2 217 216 1.2 218 2.3
2 218 217 2.3 219 1
2 219 218 1 220 1.1
2 220 219 1.1 221 1.7
2 221 220 1.7 222 1.3
2 222 221 1.3 223 1.5
2 223 222 1.5 224 1.3
2 224 223 1.3 225 1.8
2 225 224 1.8 226 1
2 226 225 1 227 1
1 227 226 1
2 228 46 1 229 1
2 229 228 1 230 1
2 230 229 1 231 1
2 231 230 1 232 1
2 232 231 1 233 1
2 233 232 1 234 1
2 234 233 1 235 1
2 235 234 1 236 1
2 236 235 1 237 1
2 237 236 1 238 1
2 238 237 1 239 1
2 239 238 1 240 1
2 240 239 1 241 1
2 241 240 1 242 1
2 242 241 1 243 1
2 243 242 1 244 1
2 244 243 1 245 1
2 245 244 1 246 1
2 246 245 1 247 1
2 247 246 1 248 1
1 248 247 1
